<?xml version="1.0"?>
<opencv_storage>
<calibration_time>"Thu Jan  7 13:13:51 2016"</calibration_time>
<image_width>640</image_width>
<image_height>480</image_height>
<flags>0</flags>
<camera_matrix type_id="opencv-matrix">
  <rows>3</rows>
  <cols>3</cols>
  <dt>d</dt>
  <data>
    5.9731080434379851e+02 0. 3.3116667280941687e+02 0.
    5.9727624412195985e+02 2.5972914575109149e+02 0. 0. 1.</data></camera_matrix>
<distortion_coefficients type_id="opencv-matrix">
  <rows>1</rows>
  <cols>5</cols>
  <dt>d</dt>
  <data>
    2.3694365471680287e-02 -2.6776596324378887e-01
    5.5740396730805596e-04 -1.0567781978531499e-03
    3.7519588984078861e-01</data></distortion_coefficients>
<avg_reprojection_error>1.6074597010265046e-01</avg_reprojection_error>
</opencv_storage>
