<?xml version="1.0"?>
<opencv_storage>
<calibration_time>"Wed Jan 13 14:42:36 2016"</calibration_time>
<image_width>640</image_width>
<image_height>480</image_height>
<flags>0</flags>
<camera_matrix type_id="opencv-matrix">
  <rows>3</rows>
  <cols>3</cols>
  <dt>d</dt>
  <data>
    6.4440184931440547e+02 0. 3.2223813929231778e+02 0.
    6.4435768630467703e+02 2.4303283665370560e+02 0. 0. 1.</data></camera_matrix>
<distortion_coefficients type_id="opencv-matrix">
  <rows>1</rows>
  <cols>5</cols>
  <dt>d</dt>
  <data>
    -5.8794082343571960e-02 5.3046155683575746e-01
    2.6230853360984388e-03 5.7439724112552041e-04
    -1.2581575915563172e+00</data></distortion_coefficients>
<avg_reprojection_error>1.3082098670896208e-01</avg_reprojection_error>
</opencv_storage>
